3
anim.png: 9: 4: 0.080503 0.000000 0.080503 0.111498 0.000000 0.111498 0.000000 0.000000
fire.png: 8: 1: 0.080503 0.445993 0.080503 0.557491 0.000000 0.557491 0.000000 0.445993
hobbit.png: 4: 1: 0.250000 0.557491 0.250000 1.000000 0.000000 1.000000 0.000000 0.557491
res/tset.ff;
