0 3
char.png: 36: 1: 0.027778 0.000000 0.027778 0.167539 0.000000 0.167539 0.000000 0.000000
fire.png: 8: 1: 0.027826 0.167539 0.027826 0.335079 0.000000 0.335079 0.000000 0.167539
hobbit.png: 4: 1: 0.086413 0.335079 0.086413 1.000000 0.000000 1.000000 0.000000 0.335079
res/tset.ff;
