0 4
pirate.png: 1: 0.377020 0.000000 0.377020 0.385548 0.000000 0.385548 0.000000 0.000000
char.png: 1: 0.269300 0.385548 0.269300 0.587522 0.000000 0.587522 0.000000 0.385548
axe.jpg: 1: 0.212747 0.587522 0.212747 0.717684 0.000000 0.717684 0.000000 0.587522
nazi.gif: 1: 0.287253 0.717684 0.287253 1.000000 0.000000 1.000000 0.000000 0.717684
res/yo.ff;
